# Created by Octave 5.2.0, Mon May 11 17:07:06 2020 GMT <unknown@DESKTOP-J3TE5BB>
# name: points
# type: matrix
# rows: 3
# columns: 3
 0 0 -0.10000000000000001
 -0.00050000000000000001 -0.00050000000000000001 -0.20000000000000001
 0.00050000000000000001 0.00050000000000000001 -0.29999999999999999


